1 2 3 4 5 6 7 8 9 10 11 12 13 14 15 16 17 18 19 20 21 22 23 24 25 26 27 28 29 30
31 32 33 34 35 36 37 38 39 40 41 42 43 44 45 46 47 48 49 50 51 52 53 54 55 56 57
58 59 60 61 62 63 64 65 66 67 68 69 70 71 72 73 74 75 76 77 78 79 80 81 82 83 84
85 86 87 88 89 90 91 92 93 94 95 96 97 98 99 100




56 numbers:
31 0 54 7 25 26 45 47 21 14 16 1 24 12 44 36 6 29 4 10 39 53 49 11 52 30 5 2 41 23 55 34 48 19 3 35 9 22 50 20 33 17 28 37 18 15 8 42 27 40 13 43 46 32 51 38



  


101 numbers
31 0 54 67 62 81 85 56 77 80 69 86 7 75 68 25 76 26 73 84 65 89 57 45 91 47 71 74 63 90 21 88 14 97 94 16 79 1 61 24 12 44 36 87 6 29 4 10 39 53 49 11 64 52 30 5 95 72 2 41 23 55 98 34 60 48 19 82 3 35 9 78 22 92 50 20 33 17 28 37 18 15 96 8 83 42 27 40 13 43 46 32 66 99 51 38 58 100 93 70 59